0: [21, 2, 89, 58, 24, 78, 33, 30, 52]
1: [95, 23, 65, 45, 2]
2: [6, 68, 37, 41]
3: [16, 52, 61]
4: [2, 54, 99, 69]
5: [31, 92, 74, 83, 21, 15, 67, 18]
6: [50, 91, 60, 61, 2]
7: [52, 35, 63, 97, 65, 27, 75, 44, 68]
8: [88, 37, 46, 89, 15, 84]
9: [37, 1, 18, 90, 33, 74, 71, 23]
10: [65, 47, 69]
11: [27, 87, 34, 75, 31, 8, 83, 68, 1]
12: [81, 3, 90, 52, 63]
13: [9, 28, 86]
14: [12, 39, 5, 33, 99, 42, 2, 80]
15: [58, 41, 35, 54]
16: [87, 56, 31, 22, 82, 77, 46]
17: [78, 57, 75, 2, 45, 73]
18: [40, 98, 29, 37, 35, 49, 69, 27, 86]
19: [78, 71, 26, 27, 92, 67]
20: [35, 41, 11, 54, 16, 26]
21: [16, 83, 73, 46, 13, 44, 8, 96, 2, 45]
22: [65, 13, 50, 79, 42, 66, 63, 32]
23: [32, 61, 16, 50, 10, 80, 85, 66]
24: [77, 39, 29]
25: [37, 67, 88, 7]
26: [8, 19, 47, 33, 75, 89, 61, 57, 45]
27: [60, 54]
28: [89, 32, 3, 26, 33]
29: [64, 55, 96, 66, 44, 93, 22, 79, 45, 40]
30: [97, 22, 85]
31: [51, 87]
32: [25, 27, 56, 7, 58, 51, 85]
33: [96, 72, 32, 65, 2, 89, 58, 30]
34: [66, 14, 98, 67, 78, 81, 73]
35: [86]
36: [40, 31, 28, 88, 15]
37: [33, 31, 67, 40, 8, 25, 32, 54]
38: [93, 98, 51, 22, 68]
39: [90, 93, 75, 72, 23, 43]
40: [3, 16, 24, 52, 94]
41: [6, 51, 75, 37, 53, 82, 13]
42: [17, 54, 90, 94, 61, 8, 0, 9]
43: [23, 89, 51, 71]
44: [80]
45: [90, 56, 84, 19, 1, 14]
46: [74, 0, 18, 83, 57, 82, 95, 69, 30]
47: [66, 2, 62, 12, 53, 94, 5, 49, 40, 19]
48: [74, 61, 18, 72, 29, 54, 98, 49, 56]
49: [23, 56, 73, 98, 79, 83, 89, 29]
50: [28, 47]
51: [93]
52: [94, 79, 88, 54, 99]
53: [90, 97]
54: [85, 93]
55: [32, 47, 69, 27, 18, 97, 33, 41]
56: [82, 50, 60, 32, 27, 55, 30, 97]
57: [63, 45, 34, 79, 31]
58: [47, 13, 21, 41, 8]
59: [75, 22]
60: [6, 16, 37, 99, 58, 90, 39, 86]
61: [16, 2]
62: [30]
63: [16, 41, 65, 38, 34, 69, 18]
64: [26, 60, 58, 42, 8, 81, 49]
65: [31, 35, 63, 37, 32, 30, 54, 61]
66: [47]
67: [12, 65, 51, 82, 27, 14, 86, 22, 99]
68: [20, 67, 58]
69: [81, 77, 63, 40]
70: [31, 23, 90, 42, 95, 45, 84, 56, 41, 53]
71: [21, 33, 59, 68, 10, 61, 39, 95, 97, 1]
72: [5, 67, 27, 41, 56, 6]
73: [64, 41, 77, 42, 58, 40, 29, 37]
74: [56, 98, 87, 13, 44, 15]
75: [94, 61, 83, 77, 84, 98, 91, 18, 16]
76: [29, 13, 3, 81, 67, 57, 24]
77: [79, 3, 62, 70]
78: [98, 82, 86, 77, 73, 22, 5]
79: [87, 35, 86, 67, 13, 16, 69, 25, 70]
80: [4, 68, 60, 13, 26, 10, 73, 21]
81: [27, 37, 29, 8, 83, 25, 51]
82: [16, 27, 59, 30, 52, 31, 11]
83: [26, 76, 87, 72, 61, 13, 47]
84: [92, 41, 28, 18, 2, 37]
85: [58, 37, 3, 41, 99, 45, 67, 76, 91]
86: [43, 58, 96, 51, 87, 45, 47, 11]
87: [54, 49, 92, 67, 24, 55, 20, 4]
88: [32, 60, 50, 85, 89, 77, 19, 51, 26]
89: [50, 68]
90: [53, 49, 81, 88, 23]
91: [45, 22, 7, 60, 69, 29, 13, 54, 28]
92: [7, 14]
93: [44, 87, 55, 92]
94: [11, 3, 53]
95: [36, 1, 88]
96: [71, 18, 39, 15, 75, 43, 41]
97: [31, 55, 93, 76, 1, 91, 46, 88, 7, 10]
98: [60, 46, 2, 8, 44, 66, 33, 18, 58]
99: [98, 11, 23, 25]
